6 4
1 A
2 B
3 C
4 D
5 E
6 F

3 4 || 5 6; 3 5 || 4 6; 3 6 || 4 5;
4 0 0
2 4 || 5 6; 2 5 || 4 6; 2 6 || 4 5;
4 0 0
2 3 || 5 6; 2 5 || 3 6; 2 6 || 3 5;
4 0 0
2 3 || 4 6; 2 4 || 3 6; 2 6 || 3 4;
1 2 1
2 3 || 4 5; 2 4 || 3 5; 2 5 || 3 4;
1 2 1
1 4 || 5 6; 1 5 || 4 6; 1 6 || 4 5;
4 0 0
1 3 || 5 6; 1 5 || 3 6; 1 6 || 3 5;
4 0 0
1 3 || 4 6; 1 4 || 3 6; 1 6 || 3 4;
3 0 1
1 3 || 4 5; 1 4 || 3 5; 1 5 || 3 4;
3 0 1
1 2 || 5 6; 1 5 || 2 6; 1 6 || 2 5;
4 0 0
1 2 || 4 6; 1 4 || 2 6; 1 6 || 2 4;
2 0 2
1 2 || 4 5; 1 4 || 2 5; 1 5 || 2 4;
2 0 2
1 2 || 3 6; 1 3 || 2 6; 1 6 || 2 3;
1 2 0
1 2 || 3 5; 1 3 || 2 5; 1 5 || 2 3;
1 2 0
1 2 || 3 4; 1 3 || 2 4; 1 4 || 2 3;
1 2 0
